;引擎插件禁止物品配置文件
;物品名称	丢弃	交易	存仓	修理	掉落提示	开宝箱提示	永不暴出	挖取提示
滴滴引擎	0	0	0	0	0	0	0	0	0	0	0	0	0
土城传送石	0	0	0	0	0	0	0	0	0	0	0	0	0
皇城传送石	0	0	0	0	0	0	0	0	0	0	0	0	0
随机传送石	0	0	0	0	0	0	0	0	0	0	0	0	0
强效金创药	0	0	0	0	0	0	0	0	0	0	0	0	0
强效魔法药	0	0	0	0	0	0	0	0	0	0	0	0	0
太阳水	0	0	0	0	0	0	0	0	0	0	0	0	0
强效太阳水	0	0	0	0	0	0	0	0	0	0	0	0	0
疗伤药	0	0	0	0	0	0	0	0	0	0	0	0	0
雪霜	0	0	0	0	0	0	0	0	0	0	0	0	0
万年雪霜	0	0	0	0	0	0	0	0	0	0	0	0	0
雪莲	0	0	0	0	0	0	0	0	0	0	0	0	0
天山雪莲	0	0	0	0	0	0	0	0	0	0	0	0	0
聚灵珠(小)	0	0	0	0	0	0	0	0	0	0	0	0	0
聚灵珠(中)	0	0	0	0	0	0	0	0	0	0	0	0	0
聚灵珠(大)	0	0	0	0	0	0	0	0	0	0	0	0	0
千里传音	0	0	0	0	0	0	0	0	0	0	0	0	0
魔血石	0	0	0	0	0	0	0	0	0	0	0	0	0
火龙之心	0	0	0	0	0	0	0	0	0	0	0	0	0
沃玛号角	0	0	0	0	0	0	0	0	0	0	0	0	0
祖玛头像	0	0	0	0	0	0	0	0	0	0	0	0	0
背包扩充券	0	0	0	0	0	0	0	0	0	0	0	0	0
修复神水	0	0	0	0	0	0	0	0	0	0	0	0	0
祝福油	0	0	0	0	0	0	0	0	0	0	0	0	0
超级祝福油	0	0	0	0	0	0	0	0	0	0	0	0	0
矿石因子	0	0	0	0	0	0	0	0	0	0	0	0	0
金矿	0	0	0	0	0	0	0	0	0	0	0	0	0
铁矿	0	0	0	0	0	0	0	0	0	0	0	0	0
黑铁矿	0	0	0	0	0	0	0	0	0	0	0	0	0
红宝石	0	0	0	0	0	0	0	0	0	0	0	0	0
琥珀石	0	0	0	0	0	0	0	0	0	0	0	0	0
软玉石	0	0	0	0	0	0	0	0	0	0	0	0	0
白金石	0	0	0	0	0	0	0	0	0	0	0	0	0
鉴定卷轴	0	0	0	0	0	0	0	0	0	0	0	0	0
强化卷轴	0	0	0	0	0	0	0	0	0	0	0	0	0
注释	0	0	0	0	0	0	0	0	0	0	0	0	0
转移水晶	0	0	0	0	0	0	0	0	0	0	0	0	0
进阶觉醒卷轴.狂攻	0	0	0	0	0	0	0	0	0	0	0	0	0
进阶觉醒卷轴.血防	0	0	0	0	0	0	0	0	0	0	0	0	0
进阶觉醒卷轴.召唤	0	0	0	0	0	0	0	0	0	0	0	0	0
宗师觉醒卷轴.狂攻	0	0	0	0	0	0	0	0	0	0	0	0	0
宗师觉醒卷轴.血防	0	0	0	0	0	0	0	0	0	0	0	0	0
宗师觉醒卷轴.召唤	0	0	0	0	0	0	0	0	0	0	0	0	0
飞升觉醒卷轴.狂攻	0	0	0	0	0	0	0	0	0	0	0	0	0
飞升觉醒卷轴.血防	0	0	0	0	0	0	0	0	0	0	0	0	0
飞升觉醒卷轴.召唤	0	0	0	0	0	0	0	0	0	0	0	0	0
夺宝宝箱	0	1	1	1	0	0	0	0	1	0	1	1	0
夺宝胜利宝箱	0	0	0	0	0	0	0	0	0	0	0	0	0
备用	0	0	0	0	0	0	0	0	0	0	0	0	0
备用	0	0	0	0	0	0	0	0	0	0	0	0	0
备用	0	0	0	0	0	0	0	0	0	0	0	0	0
备用	0	0	0	0	0	0	0	0	0	0	0	0	0
备用	0	0	0	0	0	0	0	0	0	0	0	0	0
备用	0	0	0	0	0	0	0	0	0	0	0	0	0
备用	0	0	0	0	0	0	0	0	0	0	0	0	0
备用	0	0	0	0	0	0	0	0	0	0	0	0	0
备用	0	0	0	0	0	0	0	0	0	0	0	0	0
备用	0	0	0	0	0	0	0	0	0	0	0	0	0
备用	0	0	0	0	0	0	0	0	0	0	0	0	0
备用	0	0	0	0	0	0	0	0	0	0	0	0	0
备用	0	0	0	0	0	0	0	0	0	0	0	0	0
备用	0	0	0	0	0	0	0	0	0	0	0	0	0
备用	0	0	0	0	0	0	0	0	0	0	0	0	0
备用	0	0	0	0	0	0	0	0	0	0	0	0	0
备用	0	0	0	0	0	0	0	0	0	0	0	0	0
备用	0	0	0	0	0	0	0	0	0	0	0	0	0
备用	0	0	0	0	0	0	0	0	0	0	0	0	0
备用	0	0	0	0	0	0	0	0	0	0	0	0	0
备用	0	0	0	0	0	0	0	0	0	0	0	0	0
备用	0	0	0	0	0	0	0	0	0	0	0	0	0
备用	0	0	0	0	0	0	0	0	0	0	0	0	0
备用	0	0	0	0	0	0	0	0	0	0	0	0	0
备用	0	0	0	0	0	0	0	0	0	0	0	0	0
备用	0	0	0	0	0	0	0	0	0	0	0	0	0
备用	0	0	0	0	0	0	0	0	0	0	0	0	0
备用	0	0	0	0	0	0	0	0	0	0	0	0	0
备用	0	0	0	0	0	0	0	0	0	0	0	0	0
备用	0	0	0	0	0	0	0	0	0	0	0	0	0
备用	0	0	0	0	0	0	0	0	0	0	0	0	0
攻击宝石Lv1	0	0	0	0	0	0	0	0	0	0	0	0	0
攻击宝石Lv2	0	0	0	0	0	0	0	0	0	0	0	0	0
攻击宝石Lv3	0	0	0	0	0	0	0	0	0	0	0	0	0
攻击宝石Lv4	0	0	0	0	0	0	0	0	0	0	0	0	0
攻击宝石Lv5	0	0	0	0	0	0	0	0	0	0	0	0	0
攻击宝石Lv6	0	0	0	0	0	0	0	0	0	0	0	0	0
攻击宝石Lv7	0	0	0	0	0	0	0	0	0	0	0	0	0
攻击宝石Lv8	0	0	0	0	0	0	0	0	0	0	0	0	0
攻击宝石Lv9	0	0	0	0	0	0	0	0	0	0	0	0	0
攻击宝石Lv10	0	0	0	0	0	0	0	0	0	0	0	0	0
魔法宝石Lv1	0	0	0	0	0	0	0	0	0	0	0	0	0
魔法宝石Lv2	0	0	0	0	0	0	0	0	0	0	0	0	0
魔法宝石Lv3	0	0	0	0	0	0	0	0	0	0	0	0	0
魔法宝石Lv4	0	0	0	0	0	0	0	0	0	0	0	0	0
魔法宝石Lv5	0	0	0	0	0	0	0	0	0	0	0	0	0
魔法宝石Lv6	0	0	0	0	0	0	0	0	0	0	0	0	0
魔法宝石Lv7	0	0	0	0	0	0	0	0	0	0	0	0	0
魔法宝石Lv8	0	0	0	0	0	0	0	0	0	0	0	0	0
魔法宝石Lv9	0	0	0	0	0	0	0	0	0	0	0	0	0
魔法宝石Lv10	0	0	0	0	0	0	0	0	0	0	0	0	0
道术宝石Lv1	0	0	0	0	0	0	0	0	0	0	0	0	0
道术宝石Lv2	0	0	0	0	0	0	0	0	0	0	0	0	0
道术宝石Lv3	0	0	0	0	0	0	0	0	0	0	0	0	0
道术宝石Lv4	0	0	0	0	0	0	0	0	0	0	0	0	0
道术宝石Lv5	0	0	0	0	0	0	0	0	0	0	0	0	0
道术宝石Lv6	0	0	0	0	0	0	0	0	0	0	0	0	0
道术宝石Lv7	0	0	0	0	0	0	0	0	0	0	0	0	0
道术宝石Lv8	0	0	0	0	0	0	0	0	0	0	0	0	0
道术宝石Lv9	0	0	0	0	0	0	0	0	0	0	0	0	0
道术宝石Lv10	0	0	0	0	0	0	0	0	0	0	0	0	0
生命宝石Lv1	0	0	0	0	0	0	0	0	0	0	0	0	0
生命宝石Lv2	0	0	0	0	0	0	0	0	0	0	0	0	0
生命宝石Lv3	0	0	0	0	0	0	0	0	0	0	0	0	0
生命宝石Lv4	0	0	0	0	0	0	0	0	0	0	0	0	0
生命宝石Lv5	0	0	0	0	0	0	0	0	0	0	0	0	0
生命宝石Lv6	0	0	0	0	0	0	0	0	0	0	0	0	0
生命宝石Lv7	0	0	0	0	0	0	0	0	0	0	0	0	0
生命宝石Lv8	0	0	0	0	0	0	0	0	0	0	0	0	0
生命宝石Lv9	0	0	0	0	0	0	0	0	0	0	0	0	0
生命宝石Lv10	0	0	0	0	0	0	0	0	0	0	0	0	0
切割宝石Lv1	0	0	0	0	0	0	0	0	0	0	0	0	0
切割宝石Lv2	0	0	0	0	0	0	0	0	0	0	0	0	0
切割宝石Lv3	0	0	0	0	0	0	0	0	0	0	0	0	0
切割宝石Lv4	0	0	0	0	0	0	0	0	0	0	0	0	0
切割宝石Lv5	0	0	0	0	0	0	0	0	0	0	0	0	0
切割宝石Lv6	0	0	0	0	0	0	0	0	0	0	0	0	0
切割宝石Lv7	0	0	0	0	0	0	0	0	0	0	0	0	0
切割宝石Lv8	0	0	0	0	0	0	0	0	0	0	0	0	0
切割宝石Lv9	0	0	0	0	0	0	0	0	0	0	0	0	0
切割宝石Lv10	0	0	0	0	0	0	0	0	0	0	0	0	0
破甲宝石Lv1	0	0	0	0	0	0	0	0	0	0	0	0	0
破甲宝石Lv2	0	0	0	0	0	0	0	0	0	0	0	0	0
破甲宝石Lv3	0	0	0	0	0	0	0	0	0	0	0	0	0
破甲宝石Lv4	0	0	0	0	0	0	0	0	0	0	0	0	0
破甲宝石Lv5	0	0	0	0	0	0	0	0	0	0	0	0	0
破甲宝石Lv6	0	0	0	0	0	0	0	0	0	0	0	0	0
破甲宝石Lv7	0	0	0	0	0	0	0	0	0	0	0	0	0
破甲宝石Lv8	0	0	0	0	0	0	0	0	0	0	0	0	0
破甲宝石Lv9	0	0	0	0	0	0	0	0	0	0	0	0	0
破甲宝石Lv10	0	0	0	0	0	0	0	0	0	0	0	0	0
反伤宝石Lv1	0	0	0	0	0	0	0	0	0	0	0	0	0
反伤宝石Lv2	0	0	0	0	0	0	0	0	0	0	0	0	0
反伤宝石Lv3	0	0	0	0	0	0	0	0	0	0	0	0	0
反伤宝石Lv4	0	0	0	0	0	0	0	0	0	0	0	0	0
反伤宝石Lv5	0	0	0	0	0	0	0	0	0	0	0	0	0
反伤宝石Lv6	0	0	0	0	0	0	0	0	0	0	0	0	0
反伤宝石Lv7	0	0	0	0	0	0	0	0	0	0	0	0	0
反伤宝石Lv8	0	0	0	0	0	0	0	0	0	0	0	0	0
反伤宝石Lv9	0	0	0	0	0	0	0	0	0	0	0	0	0
反伤宝石Lv10	0	0	0	0	0	0	0	0	0	0	0	0	0
增伤宝石Lv1	0	0	0	0	0	0	0	0	0	0	0	0	0
增伤宝石Lv2	0	0	0	0	0	0	0	0	0	0	0	0	0
增伤宝石Lv3	0	0	0	0	0	0	0	0	0	0	0	0	0
增伤宝石Lv4	0	0	0	0	0	0	0	0	0	0	0	0	0
增伤宝石Lv5	0	0	0	0	0	0	0	0	0	0	0	0	0
增伤宝石Lv6	0	0	0	0	0	0	0	0	0	0	0	0	0
增伤宝石Lv7	0	0	0	0	0	0	0	0	0	0	0	0	0
增伤宝石Lv8	0	0	0	0	0	0	0	0	0	0	0	0	0
增伤宝石Lv9	0	0	0	0	0	0	0	0	0	0	0	0	0
增伤宝石Lv10	0	0	0	0	0	0	0	0	0	0	0	0	0
1级备用宝石	0	0	0	0	0	0	0	0	0	0	0	0	0
2级备用宝石	0	0	0	0	0	0	0	0	0	0	0	0	0
3级备用宝石	0	0	0	0	0	0	0	0	0	0	0	0	0
4级备用宝石	0	0	0	0	0	0	0	0	0	0	0	0	0
5级备用宝石	0	0	0	0	0	0	0	0	0	0	0	0	0
6级备用宝石	0	0	0	0	0	0	0	0	0	0	0	0	0
7级备用宝石	0	0	0	0	0	0	0	0	0	0	0	0	0
8级备用宝石	0	0	0	0	0	0	0	0	0	0	0	0	0
9级备用宝石	0	0	0	0	0	0	0	0	0	0	0	0	0
10级备用宝石	0	0	0	0	0	0	0	0	0	0	0	0	0
1级备用宝石	0	0	0	0	0	0	0	0	0	0	0	0	0
2级备用宝石	0	0	0	0	0	0	0	0	0	0	0	0	0
3级备用宝石	0	0	0	0	0	0	0	0	0	0	0	0	0
4级备用宝石	0	0	0	0	0	0	0	0	0	0	0	0	0
5级备用宝石	0	0	0	0	0	0	0	0	0	0	0	0	0
6级备用宝石	0	0	0	0	0	0	0	0	0	0	0	0	0
7级备用宝石	0	0	0	0	0	0	0	0	0	0	0	0	0
8级备用宝石	0	0	0	0	0	0	0	0	0	0	0	0	0
9级备用宝石	0	0	0	0	0	0	0	0	0	0	0	0	0
10级备用宝石	0	0	0	0	0	0	0	0	0	0	0	0	0
打孔金锥	0	0	0	0	0	0	0	0	0	0	0	0	0
一孔摘除水晶	0	0	0	0	0	0	0	0	0	0	0	0	0
二孔摘除水晶	0	0	0	0	0	0	0	0	0	0	0	0	0
三孔摘除水晶	0	0	0	0	0	0	0	0	0	0	0	0	0
四孔摘除水晶	0	0	0	0	0	0	0	0	0	0	0	0	0
五孔摘除水晶	0	0	0	0	0	0	0	0	0	0	0	0	0
刺杀剑法	0	0	0	0	0	0	0	0	0	0	0	0	0
半月弯刀	0	0	0	0	0	0	0	0	0	0	0	0	0
烈火剑法	0	0	0	0	0	0	0	0	0	0	0	0	0
野蛮冲撞	0	0	0	0	0	0	0	0	0	0	0	0	0
逐日剑法	0	0	0	0	0	0	0	0	0	0	0	0	0
开天斩	0	0	0	0	0	0	0	0	0	0	0	0	0
十步一杀	0	0	0	0	0	0	0	0	0	0	0	0	0
擒龙手	0	0	0	0	0	0	0	0	0	0	0	0	0
战士盾	0	0	0	0	0	0	0	0	0	0	0	0	0
大火球术	0	0	0	0	0	0	0	0	0	0	0	0	0
雷电术	0	0	0	0	0	0	0	0	0	0	0	0	0
群体雷电术	0	0	0	0	0	0	0	0	0	0	0	0	0
抗拒火环	0	0	0	0	0	0	0	0	0	0	0	0	0
地狱雷光	0	0	0	0	0	0	0	0	0	0	0	0	0
火墙	0	0	0	0	0	0	0	0	0	0	0	0	0
冰咆哮	0	0	0	0	0	0	0	0	0	0	0	0	0
魔法盾	0	0	0	0	0	0	0	0	0	0	0	0	0
灵魂火符	0	0	0	0	0	0	0	0	0	0	0	0	0
施毒术	0	0	0	0	0	0	0	0	0	0	0	0	0
群体施毒术	0	0	0	0	0	0	0	0	0	0	0	0	0
治疗术	0	0	0	0	0	0	0	0	0	0	0	0	0
群体治疗术	0	0	0	0	0	0	0	0	0	0	0	0	0
精神力战法	0	0	0	0	0	0	0	0	0	0	0	0	0
神圣战甲术	0	0	0	0	0	0	0	0	0	0	0	0	0
隐身术	0	0	0	0	0	0	0	0	0	0	0	0	0
群体隐身术	0	0	0	0	0	0	0	0	0	0	0	0	0
召唤骷髅	0	0	0	0	0	0	0	0	0	0	0	0	0
召唤月灵	0	0	0	0	0	0	0	0	0	0	0	0	0
召唤神兽	0	0	0	0	0	0	0	0	0	0	0	0	0
召唤圣兽	0	0	0	0	0	0	0	0	0	0	0	0	0
圣言术	0	0	0	0	0	0	0	0	0	0	0	0	0
困魔咒	0	0	0	0	0	0	0	0	0	0	0	0	0
诱惑之光	0	0	0	0	0	0	0	0	0	0	0	0	0
分身术	0	0	0	0	0	0	0	0	0	0	0	0	0
备用	0	0	0	0	0	0	0	0	0	0	0	0	0
备用	0	0	0	0	0	0	0	0	0	0	0	0	0
备用	0	0	0	0	0	0	0	0	0	0	0	0	0
备用	0	0	0	0	0	0	0	0	0	0	0	0	0
备用	0	0	0	0	0	0	0	0	0	0	0	0	0
备用	0	0	0	0	0	0	0	0	0	0	0	0	0
备用	0	0	0	0	0	0	0	0	0	0	0	0	0
备用	0	0	0	0	0	0	0	0	0	0	0	0	0
备用	0	0	0	0	0	0	0	0	0	0	0	0	0
备用	0	0	0	0	0	0	0	0	0	0	0	0	0
备用	0	0	0	0	0	0	0	0	0	0	0	0	0
备用	0	0	0	0	0	0	0	0	0	0	0	0	0
备用	0	0	0	0	0	0	0	0	0	0	0	0	0
备用	0	0	0	0	0	0	0	0	0	0	0	0	0
备用	0	0	0	0	0	0	0	0	0	0	0	0	0
备用	0	0	0	0	0	0	0	0	0	0	0	0	0
备用	0	0	0	0	0	0	0	0	0	0	0	0	0
备用	0	0	0	0	0	0	0	0	0	0	0	0	0
备用	0	0	0	0	0	0	0	0	0	0	0	0	0
备用	0	0	0	0	0	0	0	0	0	0	0	0	0
备用	0	0	0	0	0	0	0	0	0	0	0	0	0
备用	0	0	0	0	0	0	0	0	0	0	0	0	0
备用	0	0	0	0	0	0	0	0	0	0	0	0	0
备用	0	0	0	0	0	0	0	0	0	0	0	0	0
备用	0	0	0	0	0	0	0	0	0	0	0	0	0
备用	0	0	0	0	0	0	0	0	0	0	0	0	0
备用	0	0	0	0	0	0	0	0	0	0	0	0	0
备用	0	0	0	0	0	0	0	0	0	0	0	0	0
备用	0	0	0	0	0	0	0	0	0	0	0	0	0
备用	0	0	0	0	0	0	0	0	0	0	0	0	0
备用	0	0	0	0	0	0	0	0	0	0	0	0	0
备用	0	0	0	0	0	0	0	0	0	0	0	0	0
备用	0	0	0	0	0	0	0	0	0	0	0	0	0
备用	0	0	0	0	0	0	0	0	0	0	0	0	0
备用	0	0	0	0	0	0	0	0	0	0	0	0	0
备用	0	0	0	0	0	0	0	0	0	0	0	0	0
备用	0	0	0	0	0	0	0	0	0	0	0	0	0
备用	0	0	0	0	0	0	0	0	0	0	0	0	0
备用	0	0	0	0	0	0	0	0	0	0	0	0	0
备用	0	0	0	0	0	0	0	0	0	0	0	0	0
备用	0	0	0	0	0	0	0	0	0	0	0	0	0
备用	0	0	0	0	0	0	0	0	0	0	0	0	0
备用	0	0	0	0	0	0	0	0	0	0	0	0	0
备用	0	0	0	0	0	0	0	0	0	0	0	0	0
备用	0	0	0	0	0	0	0	0	0	0	0	0	0
备用	0	0	0	0	0	0	0	0	0	0	0	0	0
备用	0	0	0	0	0	0	0	0	0	0	0	0	0
备用	0	0	0	0	0	0	0	0	0	0	0	0	0
备用	0	0	0	0	0	0	0	0	0	0	0	0	0
备用	0	0	0	0	0	0	0	0	0	0	0	0	0
备用	0	0	0	0	0	0	0	0	0	0	0	0	0
备用	0	0	0	0	0	0	0	0	0	0	0	0	0
备用	0	0	0	0	0	0	0	0	0	0	0	0	0
备用	0	0	0	0	0	0	0	0	0	0	0	0	0
备用	0	0	0	0	0	0	0	0	0	0	0	0	0
备用	0	0	0	0	0	0	0	0	0	0	0	0	0
备用	0	0	0	0	0	0	0	0	0	0	0	0	0
备用	0	0	0	0	0	0	0	0	0	0	0	0	0
备用	0	0	0	0	0	0	0	0	0	0	0	0	0
备用	0	0	0	0	0	0	0	0	0	0	0	0	0
备用	0	0	0	0	0	0	0	0	0	0	0	0	0
备用	0	0	0	0	0	0	0	0	0	0	0	0	0
---------	0	0	0	0	0	0	0	0	0	0	0	0	0
木棍	0	0	0	0	0	0	0	0	0	0	0	0	0
乌木剑	0	0	0	0	0	0	0	0	0	0	0	0	0
匕首	0	0	0	0	0	0	0	0	0	0	0	0	0
短剑	0	0	0	0	0	0	0	0	0	0	0	0	0
铁剑	0	0	0	0	0	0	0	0	0	0	0	0	0
青铜斧	0	0	0	0	0	0	0	0	0	0	0	0	0
青铜剑	0	0	0	0	0	0	0	0	0	0	0	0	0
法杖	0	0	0	0	0	0	0	0	0	0	0	0	0
海魂	0	0	0	0	0	0	0	0	0	0	0	0	0
偃月	0	0	0	0	0	0	0	0	0	0	0	0	0
修罗	0	0	0	0	0	0	0	0	0	0	0	0	0
凌霜	0	0	0	0	0	0	0	0	0	0	0	0	0
斩马刀	0	0	0	0	0	0	0	0	0	0	0	0	0
凌风	0	0	0	0	0	0	0	0	0	0	0	0	0
八荒	0	0	0	0	0	0	0	0	0	0	0	0	0
半月	0	0	0	0	0	0	0	0	0	0	0	0	0
降魔	0	0	0	0	0	0	0	0	0	0	0	0	0
银蛇	0	0	0	0	0	0	0	0	0	0	0	0	0
炼狱	0	0	0	0	0	0	0	0	0	0	0	0	0
井中月	0	0	0	0	0	0	0	0	0	0	0	0	0
祈祷之刃	0	0	0	0	0	0	0	0	0	0	0	0	0
命运之刃	0	0	0	0	0	0	0	0	0	0	0	0	0
无极棍	0	0	0	0	0	0	0	0	0	0	0	0	0
龙纹	0	0	0	0	0	0	0	0	0	0	0	0	0
骨玉	0	0	0	0	0	0	0	0	0	0	0	0	0
裁决	0	0	0	0	0	0	0	0	0	0	0	0	0
嗜魂法杖	0	0	0	0	0	0	0	0	0	0	0	0	0
逍遥扇	0	0	0	0	0	0	0	0	0	0	0	0	0
屠龙	0	0	0	0	0	0	0	0	0	0	0	0	0
血饮	0	0	0	0	0	0	0	0	0	0	0	0	0
龙牙	0	0	0	0	0	0	0	0	0	0	0	0	0
怒斩	0	0	0	0	0	0	0	0	0	0	0	0	0
开天	0	0	0	0	0	0	0	0	0	0	0	0	0
玄天	0	0	0	0	0	0	0	0	0	0	0	0	0
镇天	0	0	0	0	0	0	0	0	0	0	0	0	0
火龙神剑	0	0	0	0	0	0	0	0	0	0	0	0	0
王者道剑	0	0	0	0	0	0	0	0	0	0	0	0	0
王者法杖	0	0	0	0	0	0	0	0	0	0	0	0	0
王者之刃	0	0	0	0	0	0	0	0	0	0	0	0	0
皓月道扇	0	0	0	0	0	0	0	0	0	0	0	0	0
皓月法杖	0	0	0	0	0	0	0	0	0	0	0	0	0
皓月神剑	0	0	0	0	0	0	0	0	0	0	0	0	0
黄金魔杖	0	0	0	0	0	0	0	0	0	0	0	0	0
黄金银蛇	0	0	0	0	0	0	0	0	0	0	0	0	0
黄金炼狱	0	0	0	0	0	0	0	0	0	0	0	0	0
黄金井中月	0	0	0	0	0	0	0	0	0	0	0	0	0
黄金无极棍	0	0	0	0	0	0	0	0	0	0	0	0	0
黄金龙纹	0	0	0	0	0	0	0	0	0	0	0	0	0
黄金骨玉	0	0	0	0	0	0	0	0	0	0	0	0	0
黄金裁决	0	0	0	0	0	0	0	0	0	0	0	0	0
黄金嗜魂法杖	0	0	0	0	0	0	0	0	0	0	0	0	0
黄金逍遥扇	0	0	0	0	0	0	0	0	0	0	0	0	0
黄金屠龙	0	0	0	0	0	0	0	0	0	0	0	0	0
黄金血饮	0	0	0	0	0	0	0	0	0	0	0	0	0
黄金龙牙	0	0	0	0	0	0	0	0	0	0	0	0	0
黄金怒斩	0	0	0	0	0	0	0	0	0	0	0	0	0
黄金开天	0	0	0	0	0	0	0	0	0	0	0	0	0
黄金玄天	0	0	0	0	0	0	0	0	0	0	0	0	0
黄金镇天	0	0	0	0	0	0	0	0	0	0	0	0	0
赤血	0	0	0	0	0	0	0	0	0	0	0	0	0
黄金赤血	0	0	0	0	0	0	0	0	0	0	0	0	0
白花	0	0	0	0	0	0	0	0	0	0	0	0	0
红花	0	0	0	0	0	0	0	0	0	0	0	0	0
---------	0	0	0	0	0	0	0	0	0	0	0	0	0
布甲	0	0	0	0	0	0	0	0	0	0	0	0	0
布衣	0	0	0	0	0	0	0	0	0	0	0	0	0
轻型战甲	0	0	0	0	0	0	0	0	0	0	0	0	0
轻型战衣	0	0	0	0	0	0	0	0	0	0	0	0	0
重型战甲	0	0	0	0	0	0	0	0	0	0	0	0	0
重型战衣	0	0	0	0	0	0	0	0	0	0	0	0	0
魔力战甲	0	0	0	0	0	0	0	0	0	0	0	0	0
魔力战衣	0	0	0	0	0	0	0	0	0	0	0	0	0
灵魂战甲	0	0	0	0	0	0	0	0	0	0	0	0	0
灵魂战衣	0	0	0	0	0	0	0	0	0	0	0	0	0
天尊战甲	0	0	0	0	0	0	0	0	0	0	0	0	0
天尊战衣	0	0	0	0	0	0	0	0	0	0	0	0	0
天魔战甲	0	0	0	0	0	0	0	0	0	0	0	0	0
天魔战衣	0	0	0	0	0	0	0	0	0	0	0	0	0
法神战甲	0	0	0	0	0	0	0	0	0	0	0	0	0
法神战衣	0	0	0	0	0	0	0	0	0	0	0	0	0
凤天战甲	0	0	0	0	0	0	0	0	0	0	0	0	0
凤天战衣	0	0	0	0	0	0	0	0	0	0	0	0	0
光芒战甲	0	0	0	0	0	0	0	0	0	0	0	0	0
光芒战衣	0	0	0	0	0	0	0	0	0	0	0	0	0
烈焰战甲	0	0	0	0	0	0	0	0	0	0	0	0	0
烈焰战衣	0	0	0	0	0	0	0	0	0	0	0	0	0
雷霆战甲	0	0	0	0	0	0	0	0	0	0	0	0	0
雷霆战衣	0	0	0	0	0	0	0	0	0	0	0	0	0
火龙战甲	0	0	0	0	0	0	0	0	0	0	0	0	0
火龙战衣	0	0	0	0	0	0	0	0	0	0	0	0	0
逆火战甲	0	0	0	0	0	0	0	0	0	0	0	0	0
逆火战衣	0	0	0	0	0	0	0	0	0	0	0	0	0
通云战甲	0	0	0	0	0	0	0	0	0	0	0	0	0
通云战衣	0	0	0	0	0	0	0	0	0	0	0	0	0
狂雷战甲	0	0	0	0	0	0	0	0	0	0	0	0	0
狂雷战衣	0	0	0	0	0	0	0	0	0	0	0	0	0
皓月战甲	0	0	0	0	0	0	0	0	0	0	0	0	0
皓月战衣	0	0	0	0	0	0	0	0	0	0	0	0	0
黄金天尊战甲	0	0	0	0	0	0	0	0	0	0	0	0	0
黄金天尊战衣	0	0	0	0	0	0	0	0	0	0	0	0	0
黄金天魔战甲	0	0	0	0	0	0	0	0	0	0	0	0	0
黄金天魔战衣	0	0	0	0	0	0	0	0	0	0	0	0	0
黄金法神战甲	0	0	0	0	0	0	0	0	0	0	0	0	0
黄金法神战衣	0	0	0	0	0	0	0	0	0	0	0	0	0
黄金凤天战甲	0	0	0	0	0	0	0	0	0	0	0	0	0
黄金凤天战衣	0	0	0	0	0	0	0	0	0	0	0	0	0
黄金光芒战甲	0	0	0	0	0	0	0	0	0	0	0	0	0
黄金光芒战衣	0	0	0	0	0	0	0	0	0	0	0	0	0
黄金烈焰战甲	0	0	0	0	0	0	0	0	0	0	0	0	0
黄金烈焰战衣	0	0	0	0	0	0	0	0	0	0	0	0	0
黄金雷霆战甲	0	0	0	0	0	0	0	0	0	0	0	0	0
黄金雷霆战衣	0	0	0	0	0	0	0	0	0	0	0	0	0
---------	0	0	0	0	0	0	0	0	0	0	0	0	0
重型头盔	0	0	0	0	0	0	0	0	0	0	0	0	0
魔力头盔	0	0	0	0	0	0	0	0	0	0	0	0	0
灵魂头盔	0	0	0	0	0	0	0	0	0	0	0	0	0
天尊头盔	0	0	0	0	0	0	0	0	0	0	0	0	0
天魔头盔	0	0	0	0	0	0	0	0	0	0	0	0	0
法神头盔	0	0	0	0	0	0	0	0	0	0	0	0	0
凤天头盔	0	0	0	0	0	0	0	0	0	0	0	0	0
光芒头盔	0	0	0	0	0	0	0	0	0	0	0	0	0
烈焰头盔	0	0	0	0	0	0	0	0	0	0	0	0	0
雷霆头盔	0	0	0	0	0	0	0	0	0	0	0	0	0
火龙头盔	0	0	0	0	0	0	0	0	0	0	0	0	0
逆火头盔	0	0	0	0	0	0	0	0	0	0	0	0	0
通云头盔	0	0	0	0	0	0	0	0	0	0	0	0	0
狂雷头盔	0	0	0	0	0	0	0	0	0	0	0	0	0
皓月头盔	0	0	0	0	0	0	0	0	0	0	0	0	0
黄金天尊头盔	0	0	0	0	0	0	0	0	0	0	0	0	0
黄金天魔头盔	0	0	0	0	0	0	0	0	0	0	0	0	0
黄金法神头盔	0	0	0	0	0	0	0	0	0	0	0	0	0
黄金凤天头盔	0	0	0	0	0	0	0	0	0	0	0	0	0
黄金光芒头盔	0	0	0	0	0	0	0	0	0	0	0	0	0
黄金烈焰头盔	0	0	0	0	0	0	0	0	0	0	0	0	0
黄金雷霆头盔	0	0	0	0	0	0	0	0	0	0	0	0	0
---------	0	0	0	0	0	0	0	0	0	0	0	0	0
重型项链	0	0	0	0	0	0	0	0	0	0	0	0	0
魔力项链	0	0	0	0	0	0	0	0	0	0	0	0	0
灵魂项链	0	0	0	0	0	0	0	0	0	0	0	0	0
天尊项链	0	0	0	0	0	0	0	0	0	0	0	0	0
天魔项链	0	0	0	0	0	0	0	0	0	0	0	0	0
法神项链	0	0	0	0	0	0	0	0	0	0	0	0	0
凤天项链	0	0	0	0	0	0	0	0	0	0	0	0	0
光芒项链	0	0	0	0	0	0	0	0	0	0	0	0	0
烈焰项链	0	0	0	0	0	0	0	0	0	0	0	0	0
雷霆项链	0	0	0	0	0	0	0	0	0	0	0	0	0
火龙项链	0	0	0	0	0	0	0	0	0	0	0	0	0
逆火项链	0	0	0	0	0	0	0	0	0	0	0	0	0
通云项链	0	0	0	0	0	0	0	0	0	0	0	0	0
狂雷项链	0	0	0	0	0	0	0	0	0	0	0	0	0
皓月项链	0	0	0	0	0	0	0	0	0	0	0	0	0
黄金天尊项链	0	0	0	0	0	0	0	0	0	0	0	0	0
黄金天魔项链	0	0	0	0	0	0	0	0	0	0	0	0	0
黄金法神项链	0	0	0	0	0	0	0	0	0	0	0	0	0
黄金凤天项链	0	0	0	0	0	0	0	0	0	0	0	0	0
黄金光芒项链	0	0	0	0	0	0	0	0	0	0	0	0	0
黄金烈焰项链	0	0	0	0	0	0	0	0	0	0	0	0	0
黄金雷霆项链	0	0	0	0	0	0	0	0	0	0	0	0	0
---------	0	0	0	0	0	0	0	0	0	0	0	0	0
重型手镯	0	0	0	0	0	0	0	0	0	0	0	0	0
魔力手镯	0	0	0	0	0	0	0	0	0	0	0	0	0
灵魂手镯	0	0	0	0	0	0	0	0	0	0	0	0	0
天尊手镯	0	0	0	0	0	0	0	0	0	0	0	0	0
天魔手镯	0	0	0	0	0	0	0	0	0	0	0	0	0
法神手镯	0	0	0	0	0	0	0	0	0	0	0	0	0
凤天手镯	0	0	0	0	0	0	0	0	0	0	0	0	0
光芒手镯	0	0	0	0	0	0	0	0	0	0	0	0	0
烈焰手镯	0	0	0	0	0	0	0	0	0	0	0	0	0
雷霆手镯	0	0	0	0	0	0	0	0	0	0	0	0	0
火龙手镯	0	0	0	0	0	0	0	0	0	0	0	0	0
逆火手镯	0	0	0	0	0	0	0	0	0	0	0	0	0
通云手镯	0	0	0	0	0	0	0	0	0	0	0	0	0
狂雷手镯	0	0	0	0	0	0	0	0	0	0	0	0	0
皓月手镯	0	0	0	0	0	0	0	0	0	0	0	0	0
黄金天尊手镯	0	0	0	0	0	0	0	0	0	0	0	0	0
黄金天魔手镯	0	0	0	0	0	0	0	0	0	0	0	0	0
黄金法神手镯	0	0	0	0	0	0	0	0	0	0	0	0	0
黄金凤天手镯	0	0	0	0	0	0	0	0	0	0	0	0	0
黄金光芒手镯	0	0	0	0	0	0	0	0	0	0	0	0	0
黄金烈焰手镯	0	0	0	0	0	0	0	0	0	0	0	0	0
黄金雷霆手镯	0	0	0	0	0	0	0	0	0	0	0	0	0
---------	0	0	0	0	0	0	0	0	0	0	0	0	0
重型戒指	0	0	0	0	0	0	0	0	0	0	0	0	0
魔力戒指	0	0	0	0	0	0	0	0	0	0	0	0	0
灵魂戒指	0	0	0	0	0	0	0	0	0	0	0	0	0
天尊戒指	0	0	0	0	0	0	0	0	0	0	0	0	0
天魔戒指	0	0	0	0	0	0	0	0	0	0	0	0	0
法神戒指	0	0	0	0	0	0	0	0	0	0	0	0	0
凤天戒指	0	0	0	0	0	0	0	0	0	0	0	0	0
光芒戒指	0	0	0	0	0	0	0	0	0	0	0	0	0
烈焰戒指	0	0	0	0	0	0	0	0	0	0	0	0	0
雷霆戒指	0	0	0	0	0	0	0	0	0	0	0	0	0
火龙戒指	0	0	0	0	0	0	0	0	0	0	0	0	0
逆火戒指	0	0	0	0	0	0	0	0	0	0	0	0	0
通云戒指	0	0	0	0	0	0	0	0	0	0	0	0	0
狂雷戒指	0	0	0	0	0	0	0	0	0	0	0	0	0
皓月戒指	0	0	0	0	0	0	0	0	0	0	0	0	0
黄金天尊戒指	0	0	0	0	0	0	0	0	0	0	0	0	0
黄金天魔戒指	0	0	0	0	0	0	0	0	0	0	0	0	0
黄金法神戒指	0	0	0	0	0	0	0	0	0	0	0	0	0
黄金凤天戒指	0	0	0	0	0	0	0	0	0	0	0	0	0
黄金光芒戒指	0	0	0	0	0	0	0	0	0	0	0	0	0
黄金烈焰戒指	0	0	0	0	0	0	0	0	0	0	0	0	0
黄金雷霆戒指	0	0	0	0	0	0	0	0	0	0	0	0	0
---------	0	0	0	0	0	0	0	0	0	0	0	0	0
重型腰带	0	0	0	0	0	0	0	0	0	0	0	0	0
魔力腰带	0	0	0	0	0	0	0	0	0	0	0	0	0
灵魂腰带	0	0	0	0	0	0	0	0	0	0	0	0	0
天尊腰带	0	0	0	0	0	0	0	0	0	0	0	0	0
天魔腰带	0	0	0	0	0	0	0	0	0	0	0	0	0
法神腰带	0	0	0	0	0	0	0	0	0	0	0	0	0
凤天腰带	0	0	0	0	0	0	0	0	0	0	0	0	0
光芒腰带	0	0	0	0	0	0	0	0	0	0	0	0	0
烈焰腰带	0	0	0	0	0	0	0	0	0	0	0	0	0
雷霆腰带	0	0	0	0	0	0	0	0	0	0	0	0	0
火龙腰带	0	0	0	0	0	0	0	0	0	0	0	0	0
逆火腰带	0	0	0	0	0	0	0	0	0	0	0	0	0
通云腰带	0	0	0	0	0	0	0	0	0	0	0	0	0
狂雷腰带	0	0	0	0	0	0	0	0	0	0	0	0	0
皓月腰带	0	0	0	0	0	0	0	0	0	0	0	0	0
黄金天尊腰带	0	0	0	0	0	0	0	0	0	0	0	0	0
黄金天魔腰带	0	0	0	0	0	0	0	0	0	0	0	0	0
黄金法神腰带	0	0	0	0	0	0	0	0	0	0	0	0	0
黄金凤天腰带	0	0	0	0	0	0	0	0	0	0	0	0	0
黄金光芒腰带	0	0	0	0	0	0	0	0	0	0	0	0	0
黄金烈焰腰带	0	0	0	0	0	0	0	0	0	0	0	0	0
黄金雷霆腰带	0	0	0	0	0	0	0	0	0	0	0	0	0
---------	0	0	0	0	0	0	0	0	0	0	0	0	0
重型战靴	0	0	0	0	0	0	0	0	0	0	0	0	0
魔力战靴	0	0	0	0	0	0	0	0	0	0	0	0	0
灵魂战靴	0	0	0	0	0	0	0	0	0	0	0	0	0
天尊战靴	0	0	0	0	0	0	0	0	0	0	0	0	0
天魔战靴	0	0	0	0	0	0	0	0	0	0	0	0	0
法神战靴	0	0	0	0	0	0	0	0	0	0	0	0	0
凤天战靴	0	0	0	0	0	0	0	0	0	0	0	0	0
光芒战靴	0	0	0	0	0	0	0	0	0	0	0	0	0
烈焰战靴	0	0	0	0	0	0	0	0	0	0	0	0	0
雷霆战靴	0	0	0	0	0	0	0	0	0	0	0	0	0
火龙战靴	0	0	0	0	0	0	0	0	0	0	0	0	0
逆火战靴	0	0	0	0	0	0	0	0	0	0	0	0	0
通云战靴	0	0	0	0	0	0	0	0	0	0	0	0	0
狂雷战靴	0	0	0	0	0	0	0	0	0	0	0	0	0
皓月战靴	0	0	0	0	0	0	0	0	0	0	0	0	0
黄金天尊战靴	0	0	0	0	0	0	0	0	0	0	0	0	0
黄金天魔战靴	0	0	0	0	0	0	0	0	0	0	0	0	0
黄金法神战靴	0	0	0	0	0	0	0	0	0	0	0	0	0
黄金凤天战靴	0	0	0	0	0	0	0	0	0	0	0	0	0
黄金光芒战靴	0	0	0	0	0	0	0	0	0	0	0	0	0
黄金烈焰战靴	0	0	0	0	0	0	0	0	0	0	0	0	0
黄金雷霆战靴	0	0	0	0	0	0	0	0	0	0	0	0	0
---------	0	0	0	0	0	0	0	0	0	0	0	0	0
重型勋章	0	0	0	0	0	0	0	0	0	0	0	0	0
魔力勋章	0	0	0	0	0	0	0	0	0	0	0	0	0
灵魂勋章	0	0	0	0	0	0	0	0	0	0	0	0	0
天尊勋章	0	0	0	0	0	0	0	0	0	0	0	0	0
天魔勋章	0	0	0	0	0	0	0	0	0	0	0	0	0
法神勋章	0	0	0	0	0	0	0	0	0	0	0	0	0
凤天勋章	0	0	0	0	0	0	0	0	0	0	0	0	0
光芒勋章	0	0	0	0	0	0	0	0	0	0	0	0	0
烈焰勋章	0	0	0	0	0	0	0	0	0	0	0	0	0
雷霆勋章	0	0	0	0	0	0	0	0	0	0	0	0	0
火龙勋章	0	0	0	0	0	0	0	0	0	0	0	0	0
逆火勋章	0	0	0	0	0	0	0	0	0	0	0	0	0
通云勋章	0	0	0	0	0	0	0	0	0	0	0	0	0
狂雷勋章	0	0	0	0	0	0	0	0	0	0	0	0	0
皓月勋章	0	0	0	0	0	0	0	0	0	0	0	0	0
黄金天尊勋章	0	0	0	0	0	0	0	0	0	0	0	0	0
黄金天魔勋章	0	0	0	0	0	0	0	0	0	0	0	0	0
黄金法神勋章	0	0	0	0	0	0	0	0	0	0	0	0	0
黄金凤天勋章	0	0	0	0	0	0	0	0	0	0	0	0	0
黄金光芒勋章	0	0	0	0	0	0	0	0	0	0	0	0	0
黄金烈焰勋章	0	0	0	0	0	0	0	0	0	0	0	0	0
黄金雷霆勋章	0	0	0	0	0	0	0	0	0	0	0	0	0
---------	0	0	0	0	0	0	0	0	0	0	0	0	0
重型玉佩	0	0	0	0	0	0	0	0	0	0	0	0	0
魔力玉佩	0	0	0	0	0	0	0	0	0	0	0	0	0
灵魂玉佩	0	0	0	0	0	0	0	0	0	0	0	0	0
天尊玉佩	0	0	0	0	0	0	0	0	0	0	0	0	0
天魔玉佩	0	0	0	0	0	0	0	0	0	0	0	0	0
法神玉佩	0	0	0	0	0	0	0	0	0	0	0	0	0
凤天玉佩	0	0	0	0	0	0	0	0	0	0	0	0	0
光芒玉佩	0	0	0	0	0	0	0	0	0	0	0	0	0
烈焰玉佩	0	0	0	0	0	0	0	0	0	0	0	0	0
雷霆玉佩	0	0	0	0	0	0	0	0	0	0	0	0	0
火龙玉佩	0	0	0	0	0	0	0	0	0	0	0	0	0
逆火玉佩	0	0	0	0	0	0	0	0	0	0	0	0	0
通云玉佩	0	0	0	0	0	0	0	0	0	0	0	0	0
狂雷玉佩	0	0	0	0	0	0	0	0	0	0	0	0	0
皓月玉佩	0	0	0	0	0	0	0	0	0	0	0	0	0
黄金天尊玉佩	0	0	0	0	0	0	0	0	0	0	0	0	0
黄金天魔玉佩	0	0	0	0	0	0	0	0	0	0	0	0	0
黄金法神玉佩	0	0	0	0	0	0	0	0	0	0	0	0	0
黄金凤天玉佩	0	0	0	0	0	0	0	0	0	0	0	0	0
黄金光芒玉佩	0	0	0	0	0	0	0	0	0	0	0	0	0
黄金烈焰玉佩	0	0	0	0	0	0	0	0	0	0	0	0	0
黄金雷霆玉佩	0	0	0	0	0	0	0	0	0	0	0	0	0
---------	0	0	0	0	0	0	0	0	0	0	0	0	0
重型魂珠	0	0	0	0	0	0	0	0	0	0	0	0	0
魔力魂珠	0	0	0	0	0	0	0	0	0	0	0	0	0
灵魂魂珠	0	0	0	0	0	0	0	0	0	0	0	0	0
天尊魂珠	0	0	0	0	0	0	0	0	0	0	0	0	0
天魔魂珠	0	0	0	0	0	0	0	0	0	0	0	0	0
法神魂珠	0	0	0	0	0	0	0	0	0	0	0	0	0
凤天魂珠	0	0	0	0	0	0	0	0	0	0	0	0	0
光芒魂珠	0	0	0	0	0	0	0	0	0	0	0	0	0
烈焰魂珠	0	0	0	0	0	0	0	0	0	0	0	0	0
雷霆魂珠	0	0	0	0	0	0	0	0	0	0	0	0	0
火龙魂珠	0	0	0	0	0	0	0	0	0	0	0	0	0
逆火魂珠	0	0	0	0	0	0	0	0	0	0	0	0	0
通云魂珠	0	0	0	0	0	0	0	0	0	0	0	0	0
狂雷魂珠	0	0	0	0	0	0	0	0	0	0	0	0	0
皓月魂珠	0	0	0	0	0	0	0	0	0	0	0	0	0
黄金天尊魂珠	0	0	0	0	0	0	0	0	0	0	0	0	0
黄金天魔魂珠	0	0	0	0	0	0	0	0	0	0	0	0	0
黄金法神魂珠	0	0	0	0	0	0	0	0	0	0	0	0	0
黄金凤天魂珠	0	0	0	0	0	0	0	0	0	0	0	0	0
黄金光芒魂珠	0	0	0	0	0	0	0	0	0	0	0	0	0
黄金烈焰魂珠	0	0	0	0	0	0	0	0	0	0	0	0	0
黄金雷霆魂珠	0	0	0	0	0	0	0	0	0	0	0	0	0
---------	0	0	0	0	0	0	0	0	0	0	0	0	0
龙魂印记Lv1	0	0	0	0	0	0	0	0	0	0	0	0	0
龙魂印记Lv2	0	0	0	0	0	0	0	0	0	0	0	0	0
龙魂印记Lv3	0	0	0	0	0	0	0	0	0	0	0	0	0
龙魂印记Lv4	0	0	0	0	0	0	0	0	0	0	0	0	0
龙魂印记Lv5	0	0	0	0	0	0	0	0	0	0	0	0	0
龙魂印记Lv6	0	0	0	0	0	0	0	0	0	0	0	0	0
龙魂印记Lv7	0	0	0	0	0	0	0	0	0	0	0	0	0
龙魂印记Lv8	0	0	0	0	0	0	0	0	0	0	0	0	0
龙魂印记Lv9	0	0	0	0	0	0	0	0	0	0	0	0	0
龙魂印记Lv10	0	0	0	0	0	0	0	0	0	0	0	0	0
龙魂印记Lv11	0	0	0	0	0	0	0	0	0	0	0	0	0
---------	0	0	0	0	0	0	0	0	0	0	0	0	0
侠客斗笠	0	0	0	0	0	0	0	0	0	0	0	0	0
白银斗笠	0	0	0	0	0	0	0	0	0	0	0	0	0
黄金斗笠	0	0	0	0	0	0	0	0	0	0	0	0	0
凤仪斗笠	0	0	0	0	0	0	0	0	0	0	0	0	0
天殇斗笠	0	0	0	0	0	0	0	0	0	0	0	0	0
仙缘斗笠	0	0	0	0	0	0	0	0	0	0	0	0	0
---------	0	0	0	0	0	0	0	0	0	0	0	0	0
盾牌1	0	0	0	0	0	0	0	0	0	0	0	0	0
盾牌2	0	0	0	0	0	0	0	0	0	0	0	0	0
盾牌3	0	0	0	0	0	0	0	0	0	0	0	0	0
盾牌4	0	0	0	0	0	0	0	0	0	0	0	0	0
盾牌5	0	0	0	0	0	0	0	0	0	0	0	0	0
盾牌6	0	0	0	0	0	0	0	0	0	0	0	0	0
盾牌7	0	0	0	0	0	0	0	0	0	0	0	0	0
盾牌8	0	0	0	0	0	0	0	0	0	0	0	0	0
盾牌9	0	0	0	0	0	0	0	0	0	0	0	0	0
盾牌10	0	0	0	0	0	0	0	0	0	0	0	0	0
---------	0	0	0	0	0	0	0	0	0	0	0	0	0
中式婚服(男)	0	0	0	0	0	0	0	0	0	0	0	0	0
中式婚服(女)	0	0	0	0	0	0	0	0	0	0	0	0	0
西式婚服(男)	0	0	0	0	0	0	0	0	0	0	0	0	0
西式婚服(女)	0	0	0	0	0	0	0	0	0	0	0	0	0
红玫瑰	0	0	0	0	0	0	0	0	0	0	0	0	0
白玫瑰	0	0	0	0	0	0	0	0	0	0	0	0	0
时装饰品1	0	0	0	0	0	0	0	0	0	0	0	0	0
时装饰品2	0	0	0	0	0	0	0	0	0	0	0	0	0
时装饰品3	0	0	0	0	0	0	0	0	0	0	0	0	0
时装饰品4	0	0	0	0	0	0	0	0	0	0	0	0	0
时装饰品5	0	0	0	0	0	0	0	0	0	0	0	0	0
时装饰品6	0	0	0	0	0	0	0	0	0	0	0	0	0
时装饰品7	0	0	0	0	0	0	0	0	0	0	0	0	0
生肖1	0	0	0	0	0	0	0	0	0	0	0	0	0
生肖2	0	0	0	0	0	0	0	0	0	0	0	0	0
生肖3	0	0	0	0	0	0	0	0	0	0	0	0	0
生肖4	0	0	0	0	0	0	0	0	0	0	0	0	0
生肖5	0	0	0	0	0	0	0	0	0	0	0	0	0
生肖6	0	0	0	0	0	0	0	0	0	0	0	0	0
生肖7	0	0	0	0	0	0	0	0	0	0	0	0	0
生肖8	0	0	0	0	0	0	0	0	0	0	0	0	0
生肖9	0	0	0	0	0	0	0	0	0	0	0	0	0
生肖10	0	0	0	0	0	0	0	0	0	0	0	0	0
生肖11	0	0	0	0	0	0	0	0	0	0	0	0	0
生肖12	0	0	0	0	0	0	0	0	0	0	0	0	0
鹤嘴锄	0	0	0	0	0	0	0	0	0	0	0	0	0
