;---------------------------------------------------------------------------------------------------------
;调用文件	                地图	X	Y	姓名    	范围	形象	代码	
;---------------------------------------------------------------------------------------------------------
边界村/助手阿妍                 0       284     606     助手阿妍        0       6       0       0       0
边界村/屠夫                     0	293	603	屠夫	        0	11	0       0       0
边界村/药店	        	0	291	610	边界村小店老板	0	1	0	0	0
边界村/武器店	         	0	297	612	边界村铁匠铺	0	0	0	0	0
边界村/服饰店	         	0	305	607	白家服装老板	0	7	0	0	0
边界村/项链店	        	0141	10	10	项链店老板	0	6	0	0	0
边界村/手镯店	         	0141	16	16	手镯店老板	0	5	0	0	0
边界村/戒指店	        	0141	23	23	戒指店老板	0	4	0	0	0
边界村/仓库	        	0140	8	9	仓库保管员	0	9	0	0	0
边界村/书店	        	0132	5	18	朴家书屋老板	0	2	0	0	0
边界村/新人接待员	        0	292	616	新人接待员	0	6	0	0
;---------------------------------------------------------------------------------------------------------
比奇城/屠夫	        	0	313	271	屠夫		0	4	0	0	0
比奇城/屠夫	        	0102	9	7	屠夫		0	11	0	0	0
比奇城/药店	         	0	324	291	夏家店		0	5	0	0	0
比奇城/药店	          	0108	7	7	赖家店老板	0	1	0	0	0
比奇城/炼药	        	0109	4	8	沓水店老板	0	9	0	0	0
比奇城/书店	        	0	325	250	比奇书店	0	2	0	0	0
比奇城/书店	         	0104	5	8	陈家铺子老板	0	2	0	0	0
比奇城/仓库	        	0	301	257	仓库保管员	0	6	0	0	0
比奇城/仓库	         	0125	8	6	麦家铺子	0	9	0	0	0
比奇城/商人	        	0126	10	10	商人		0	9	0	0	0
比奇城/杂货铺	        	0	378	298	杂货铺老板	0	3	0	0	0
比奇城/彩票员	        	0	298	317	彩票员		0	3	0	0	0
比奇城/武器店	        	0103	19	18	卫家店		0	1	0	0	0
比奇城/项链店	        	0105	6	18	项链店		0	6	0	0	0
比奇城/手镯店	          	0105	12	12	手镯店		0	5	0	0	0
比奇城/戒指店	          	0105	18	6	戒指店		0	4	0	0	0
比奇城/服饰店	         	0106	19	6	安家布衣	0	7	0	0	0
比奇城/铁匠	           	0	302	219	铁匠铺老板	0	0	0	0	0
比奇城/老兵	         	0	330	270	比奇老兵	0	1	0	0	0
比奇城/英雄招募	        0	327	270	英雄招募	0	1	0	0	0
比奇城/转生	        	0	317	270	转生	0	1	0	0	0
比奇城/网络文明宣传员    	0	326	261	网络文明宣传员	0	5	0	0	0
;---------------------------------------------------------------------------------------------------------
盟重城/肉店       		3	355	329	黄家肉店老板	0	11	0	0	0
盟重城/药店         		3	361	335	药店		0	1	1	0	0
盟重城/仓库	        	3	305	373	悦来客栈老板	0	6	0	0	0
盟重城/仓库	         	0145	9	12	仓库保管员	0	9	0	0	0
盟重城/商人             	0146	4	11	商人    	0	9	0	0	0
盟重城/服饰店	         	0149	23	20	张家布店老板	0	7	0	0	0
盟重城/头盔店	        	0149	8	5	老张头盔店	0	5	0	0	0
盟重城/手套店	        	0149	11	18	手套店老板	0	4	0	0	0
盟重城/手镯店	        	0158	16	11	手镯店		0	6	0	0	0
盟重城/戒指店	        	0158	11	16	戒指店		0	5	0	0	0
盟重城/项链店	          	0158	4	21	项链店		0	4	0	0	0
盟重城/回收商人	         	0158	17	17	回收商人	0	17	0	0	0
盟重城/武器店	        	0159	5	9	铁匠铺		0	0	0	0	0
盟重城/书店	        	0161	11	16	书店		0	2	0	0	0
盟重城/杂货铺	        	3	346	334	流浪汉		0	3	0	0	0
盟重城/彩票员	          	3	284	343	彩票员		0	3	0	0	0
盟重城/药店	        	0160	5	8	罗家铺子老板	0	1	0	0	0
盟重城/林小姐	         	0148	10	9	林小姐		0	13	0	0	0
盟重城/小贩	        	3	855	661	小贩		0	3	0	0	0
盟重城/占卜师           	3	850	662	占卜师  	0	9	0       0       0
盟重城/武馆教头	        	3	286	341	武馆教头	0	15	0	0	0
盟重城/老兵	        	3	325	325	盟重老兵	0	1	0	0	0
盟重城/网络文明宣传员     	3	297	302	网络文明宣传员	0	5	0	0	0
;---------------------------------------------------------------------------------------------------------
沙巴克/杂货铺	        	3	663	304	小贩		0	3	1	0	0
沙巴克/屠夫	        	3	659	301	屠夫		0	6	1	0	0
沙巴克/特殊修理                 0151    3       19      铁匠铺          0       0       1       0       0
沙巴克/武器店	        	0151	7	14	武器铺		0	0	1	0	0
沙巴克/武器升级	        	0151	12	10	兵器店老板	0	0	1	0	0
沙巴克/商人	        	0152	4	15	商人		0	9	1	0	0
沙巴克/仓库	          	0152	7	12	仓库保管员	0	6	1	0	0
沙巴克/药店	         	0153	14	7	药店老板	0	1	1	0	0
沙巴克/炼药	        	0153	7	14	炼药老板	0	6	1	0	0
沙巴克/项链店	        	0154	3	18	项链店老板	0	6	1	0	0
沙巴克/戒指店	         	0154	10	15	戒指店老板	0	5	1	0	0
沙巴克/手镯店	        	0154	14	7	手镯店老板	0	6	1	0	0
沙巴克/服饰店	         	0155	13	7	布店老板	0	7	1	0	0
沙巴克/头盔店	        	0155	9	11	头盔店老板	0	5	1	0	0
沙巴克/白日门来客       	D701	101	157	白日门来客	0	20	0	0	0
;---------------------------------------------------------------------------------------------------------
白日门/天尊	        	11	225	272	天尊		0	14	0	0	0
白日门/向导	        	11	186	299	向导		0	15	0	0	0
;---------------------------------------------------------------------------------------------------------
封魔谷/沃玛教主          	b341	17	22	沃玛教主	0	27	0	0	0
封魔谷/老兵	        	4	238	196	恶魔老兵	0	1	0	0	0
;---------------------------------------------------------------------------------------------------------
幻境-影之道/幻境_幻境小贩  	H003	89	79	幻境小贩	0	3	0	0	0
幻境-影之道/幻境_仓库管理员	H003	80	87	仓库管理员	0	9	0	0	0
幻境-影之道/幻境_幻境小贩  	H007	170	170	幻境商贩	0	3	0	0	0
幻境-影之道/幻境_仓库管理员	H007	160	180	仓库管理员	0	9	0	0	0
幻境-影之道/幻境_幻境向导  	H003	83	83	幻境向导	0	15	0	0	0
幻境-影之道/幻境_幻境向导  	H010	370	376	幻境引导	0	15	0	0	0
幻境-影之道/影之道_神秘老人     h102    208     226     神秘老人        0       1       0       0       0
幻境-影之道/影之道_禁地看护人   H106    100     93      禁地看护人      0       15      0       0       0
幻境-影之道/影之道_神秘老人	0150	16	8	神秘老人	0	9	0	0	0
幻境-影之道/影之道_沙巴克秘使   H201    20      96      沙巴克秘使      0       9       0       0       0
幻境-影之道/影之道_幻境小贩	H203	21	17	幻境商人	0	3	0	0	0
幻境-影之道/影之道_仓库保管员	H203	18	20	仓库保管处	0	9	0	0	0
幻境-影之道/影之道_神秘老人     H204    54      52      神秘老人        0       9       0       0       0
;---------------------------------------------------------------------------------------------------------







传送员/比奇城_传送员           0       330   267       传送员  0     12
传送员/盟重土城_传送员 	3	339   333	传送员	0     12	 
传送员/白日门_传送员           11      181   322       传送员  0     12
传送员/毒蛇山村_传送员         2     499 483 传送员          0   12  0






