[Setup]
CastleName=…≥≥«
ChangeDate=2023/4/7 15:16:55
WarDate=2023/4/28 0:31:00
IncomeToday=2023/4/28 0:00:07
TotalGold=6744448
TodayIncome=9500
OwnGuild=
WarDisPostionMove=0
WarDisMasterCall=0
WarDisDearCall=0
WarDisGroupCall=0
WarDisGuildCall=0

[Defense]
CastleMapList=0151,0152,0153,0154,0155,0156,0151,0152,0153,0154,0155,0156,0151,0152,0153,0154,0155,0156,0151,0152,0153,0154,0155,0156,0151,0152,0153,0154,0155,0156,0151,0152,0153,0154,0155,0156,0151,0152,0153,0154,0155,0156,0151,0152,0153,0154,0155,0156,0151,0152,0153,0154,0155,0156,0151,0152,0153,0154,0155,0156,0151,0152,0153,0154,0155,0156,0151,0152,0153,0154,0155,0156,0151,0152,0153,0154,0155,0156,0151,0152,0153,0154,0155,0156,0151,0152,0153,0154,0155,0156,0151,0152,0153,0154,0155,0156,0151,0152,0153,0154,0155,0156,0151,0152,0153,0154,0155,0156,0151,0152,0153,0154,0155,0156,0151,0152,0153,0154,0155,0156,0151,0152,0153,0154,0155,0156,0151,0152,0153,0154,0155,0156,0151,0152,0153,0154,0155,0156,0151,0152,0153,0154,0155,0156,0151,0152,0153,0154,0155,0156,0151,0152,0153,0154,0155,0156,0151,0152,0153,0154,0155,0156,0151,0152,0153,0154,0155,0156,0151,0152,0153,0154,0155,0156,0151,0152,0153,0154,0155,0156,0151,0152,0153,0154,0155,0156,0151,0152,0153,0154,0155,0156,0151,0152,0153,0154,0155,0156,0151,0152,0153,0154,0155,0156,0151,0152,0153,0154,0155,0156,0151,0152,0153,0154,0155,0156,0151,0152,0153,0154,0155,0156,0151,0152,0153,0154,0155,0156,0151,0152,0153,0154,0155,0156,0151,0152,0153,0154,0155,0156,0151,0152,0153,0154,0155,0156,0151,0152,0153,0154,0155,0156,0151,0152,0153,0154,0155,0156,0151,0152,0153,0154,0155,0156,0151,0152,0153,0154,0155,0156,0151,0152,0153,0154,0155,0156,0151,0152,0153,0154,0155,0156,0151,0152,0153,0154,0155,0156,0151,0152,0153,0154,0155,0156,0151,0152,0153,0154,0155,0156,0151,0152,0153,0154,0155,0156,0151,0152,0153,0154,0155,0156,0151,0152,0153,0154,0155,0156,0151,0152,0153,0154,0155,0156,0151,0152,0153,0154,0155,0156,0151,0152,0153,0154,0155,0156,0151,0152,0153,0154,0155,0156,0151,0152,0153,0154,0155,0156,0151,0152,0153,0154,0155,0156,0151,0152,0153,0154,0155,0156,0151,0152,0153,0154,0155,0156,0151,0152,0153,0154,0155,0156,0151,0152,0153,0154,0155,0156,0151,0152,0153,0154,0155,0156,0151,0152,0153,0154,0155,0156,0151,0152,0153,0154,0155,0156,0151,0152,0153,0154,0155,0156,0151,0152,0153,0154,0155,0156,0151,01,
CastleMap=3
CastleHomeMap=3
CastleHomeX=69
CastleHomeY=69
CastleWarRangeX=100
CastleWarRangeY=100
CastlePlaceMap=0150
CastleSecretMap=D701
CastlePalaceDoorX=631
CastlePalaceDoorY=274
MainDoorName=…≥∞ÕøÀ≥«√≈
MainDoorX=103
MainDoorY=105
MainDoorOpen=1
MainDoorHP=200000
LeftWallName=…≥∞ÕøÀ◊Û≥««Ω
LeftWallX=52
LeftWallY=42
LeftWallHP=100000
CenterWallName=…≥∞ÕøÀ”“≥««Ω
CenterWallX=45
CenterWallY=49
CenterWallHP=100000
RightWallName=…≥∞ÕøÀ÷–≥««Ω
RightWallX=48
RightWallY=45
RightWallHP=150000
Archer_1_Name=π≠º˝ ÿŒ¿
Archer_1_X=52
Archer_1_Y=44
Archer_1_HP=100000
Archer_2_Name=π≠º˝ ÿŒ¿
Archer_2_X=49
Archer_2_Y=47
Archer_2_HP=100000
Archer_3_Name=π≠º˝ ÿŒ¿
Archer_3_X=45
Archer_3_Y=50
Archer_3_HP=100000
Archer_4_Name=π≠º˝ ÿŒ¿
Archer_4_X=48
Archer_4_Y=53
Archer_4_HP=100000
Archer_5_Name=π≠º˝ ÿŒ¿
Archer_5_X=51
Archer_5_Y=50
Archer_5_HP=100000
Archer_6_Name=π≠º˝ ÿŒ¿
Archer_6_X=54
Archer_6_Y=47
Archer_6_HP=100000
Archer_7_Name=π≠º˝ ÿŒ¿
Archer_7_X=57
Archer_7_Y=47
Archer_7_HP=100000
Archer_8_Name=π≠º˝ ÿŒ¿
Archer_8_X=59
Archer_8_Y=50
Archer_8_HP=100000
Archer_9_Name=π≠º˝ ÿŒ¿
Archer_9_X=55
Archer_9_Y=53
Archer_9_HP=100000
Archer_10_Name=π≠º˝ ÿŒ¿
Archer_10_X=51
Archer_10_Y=57
Archer_10_HP=100000
Archer_11_Name=π≠º˝ ÿŒ¿
Archer_11_X=47
Archer_11_Y=57
Archer_11_HP=100000
Archer_12_Name=π≠º˝ ÿŒ¿
Archer_12_X=53
Archer_12_Y=52
Archer_12_HP=100000
Guard_1_Name=π≠º˝ ÿŒ¿
Guard_1_HP=0
Guard_2_Name=π≠º˝ ÿŒ¿
Guard_2_HP=0
Guard_3_Name=π≠º˝ ÿŒ¿
Guard_3_HP=0
Guard_4_Name=π≠º˝ ÿŒ¿
Guard_4_HP=0
